TransformBegin #  "Lamp"

Transform [-0.290864646434784 0.955171167850494 -0.055189058184624 0.000000000000000 -0.771100819110870 -0.199883356690407 0.604524731636047 0.000000000000000 0.566393196582794 0.218391194939613 0.794672250747681 0.000000000000000 2 -4.456716537475586 5 1.000000000000000]

LightGroup "default"

LightSource "infinite"
	"float gain" [1.000000000000000]
	"float importance" [1.000000000000000]
	"color L" [0.2 0.2 0.2]
TransformEnd # ""

TransformBegin #  "Lamp"

TransformBegin #  "Lamp"

Transform [-0.290864646434784 0.955171167850494 -0.055189058184624 0.000000000000000 -0.771100819110870 -0.199883356690407 0.604524731636047 0.000000000000000 0.566393196582794 0.218391194939613 0.794672250747681 0.000000000000000 2 -4.456716537475586 5 1.000000000000000]

LightGroup "default"

LightSource "point"
	"float gain" [1.000000000000000]
	"float importance" [1.000000000000000]
	"color L" [1.00000000 1.00000000 1.00000000]
	"bool flipz" ["true"]
	"float power" [0.000000000000000]
	"float efficacy" [0.000000000000000]
	"point from" [0.000000000000000 0.000000000000000 0.000000000000000]

TransformEnd # ""

TransformBegin #  "Lamp"

Transform [-0.290864646434784 0.955171167850494 -0.055189058184624 0.000000000000000 -0.771100819110870 -0.199883356690407 0.604524731636047 0.000000000000000 0.566393196582794 0.218391194939613 0.794672250747681 0.000000000000000 -0.094649910926819 -4.456716537475586 3.946391820907593 1.000000000000000]

LightGroup "default"

LightSource "point"
	"float gain" [1.000000000000000]
	"float importance" [1.000000000000000]
	"color L" [1.00000000 1.00000000 1.00000000]
	"bool flipz" ["true"]
	"float power" [0.000000000000000]
	"float efficacy" [0.000000000000000]
	"point from" [0.000000000000000 0.000000000000000 0.000000000000000]

TransformEnd # ""